Galvo Coordinate
[[-5. -5.]
 [-5.  0.]
 [-5.  5.]
 [ 0. -5.]
 [ 0.  0.]
 [ 0.  5.]
 [ 5. -5.]
 [ 5.  0.]
 [ 5.  5.]]
Camera coordinates
[[1853. 1769.]
 [1860. 1067.]
 [1852.  377.]
 [1159. 1761.]
 [1153. 1072.]
 [1152.  377.]
 [ 460. 1769.]
 [ 459. 1075.]
 [ 458.  379.]]
Transformation found for x:
[[ 8.25892727e+00  2.16821899e-05]
 [-7.15888416e-03 -3.95802890e-09]]
Transformation found for y:
[[ 7.74702690e+00 -7.20955389e-03]
 [-2.52556105e-05  7.43528539e-09]]
galvo2cam found for x:
[[ 1.15622222e+03 -3.33333333e-01]
 [-1.39600000e+02 -1.00000000e-02]]
galvo2cam found for y:
[[ 1.07177778e+03 -1.38866667e+02]
 [ 3.33333333e-01  2.00000000e-02]]
